0 5570 muns_ineq COD_MUN
1100015 1100148        0.829534199
1100015 1100296        0.725964673
1100015 1100502         0.80959259
1100015 1100379        0.413748598
1100023 1100403         0.52933426
1100023 1101401        0.490549432
1100023 1100262        0.347616438
1100023 1100601        0.382540525
1100031 5103304        0.935062108
1100031 1100072        0.707977243
1100031 1100064        0.331314692
1100031 1100056        0.671808385
1100049 1100908        0.578533722
1100049 1100254        0.565192232
1100049 1101203        0.279837985
1100049 1100098        0.544724055
1100056 1100064         0.71244356
1100056 1100031        0.671808385
1100056 1100072        0.321298893
1100056 1101468        0.293372033
1100064 1100924        0.715686098
1100064 1100056         0.71244356
1100064 1100072        0.592371505
1100064 1100031        0.331314692
1100072 1100064        0.592371505
1100072 1101468        0.519843648
1100072 1100056        0.321298893
1100072 1100924         0.43651813
1100080 1100320         1.19730246
1100080 1100106        0.966437965
1100080 1101492        0.961077438
1100080 1101500        0.895292711
1100098 1101203        0.806846137
1100098 1101476        0.747586807
1100098 1100189        0.541208425
1100098 1100049        0.544724055
1100106 1100452         1.38933542
1100106 1100080        0.966437965
1100106 1100700         1.10723688
1100106 1100338        0.928904097
1100114 1100601        0.482024674
1100114 1101559        0.466452227
1100114 1101435         0.30632492
1100114 1100155        0.406120537
1100122 1101559        0.715161248
1100122 1101609         0.67687907
1100122 1100155        0.440774438
1100122 1101807        0.344095291
1100130 1101609        0.981918808
1100130 1100262         0.89749069
1100130 1101757        0.534299178
1100130 1100940        0.558629061
1100148 1100288        0.515928485
1100148 1100908        0.437587038
1100148 1100502         0.20107988
1100148 1100346        0.422616807
1100155 1100122        0.440774438
1100155 1100114        0.406120537
1100155 1101559        0.354635553
1100155 1101807        0.237788267
1100189 1101484        0.642394712
1100189 1100304        0.610673751
1100189 1101476        0.484874379
1100189 1100098        0.541208425
1100205 1101104         1.25528246
1100205 1100403         1.03890573
1100205 1100452         0.97046114
1100205 1100809         1.01503739
1100254 1101708        0.553997529
1100254 1101559        0.461677819
1100254 1100908        0.305120483
1100254 1101203        0.308322011
1100262 1100403        0.602582575
1100262 1101104        0.537661437
1100262 1100023        0.347616438
1100262 1100940        0.525788939
1100288 1101484        0.348431705
1100288 1100502        0.315052079
1100288 1100908        0.281946956
1100288 1100296        0.303736008
1100296 1101476        0.412170499
1100296 1101450        0.370256583
1100296 1100288        0.303736008
1100296 1101484        0.257622829
1100304 5105150         1.07309048
1100304 1100098        0.904990538
1100304 1100924         0.78645834
1100304 1100189        0.610673751
1100320 1100148        0.705317238
1100320 1101302        0.552197229
1100320 1101500        0.311484218
1100320 1100346        0.536604058
1100338 1101401         1.26740482
1100338 1100106        0.928904097
1100338 1100700        0.835614707
1100338 1100452        0.762372144
1100346 1100148        0.422616807
1100346 1101302        0.384906737
1100346 1101435        0.420998652
1100346 1101708        0.236983577
1100379 1101468        0.666958292
1100379 1100296        0.595576394
1100379 1100015        0.413748598
1100379 1101450        0.572030491
1100403 1100262        0.602582575
1100403 1101104        0.590300557
1100403 1100023         0.52933426
1100403 1101401        0.556193139
1100452 1100338        0.762372144
1100452 1100403        0.678131662
1100452 1100700        0.453228902
1100452 1101401        0.588574437
1100502 1100296        0.515789051
1100502 1100288        0.315052079
1100502 1100148         0.20107988
1100502 1100908        0.296641377
1100601 1100114        0.482024674
1100601 1101005        0.466024208
1100601 1100023        0.382540525
1100601 1101401        0.403706946
1100700 1100601         0.82467232
1100700 1101005        0.663518065
1100700 1100452        0.453228902
1100700 1101401         0.50718179
1100809 1100262        0.929811309
1100809 1100940        0.810866918
1100809 1101104        0.399995358
1100809 1100403        0.771664908
1100908 1100148        0.437587038
1100908 1100254        0.305120483
1100908 1100502        0.296641377
1100908 1100288        0.281946956
1100924 1100064        0.715686098
1100924 1100189        0.644656014
1100924 1100072         0.43651813
1100924 1101450        0.586032823
1100940 1100809        0.810866918
1100940 1100130        0.558629061
1100940 1101104        0.482682692
1100940 1100262        0.525788939
1101005 1100114        0.635068897
1101005 1101401        0.571946371
1101005 1101302        0.470432313
1101005 1100601        0.466024208
1101104 1100403        0.590300557
1101104 1100262        0.537661437
1101104 1100809        0.399995358
1101104 1100940        0.482682692
1101203 1100288        0.610660129
1101203 1100908        0.442174106
1101203 1100049        0.279837985
1101203 1100254        0.308322011
1101302 1101005        0.470432313
1101302 1101708        0.426796844
1101302 1101435        0.368762999
1101302 1100346        0.384906737
1101401 1100403        0.556193139
1101401 1100700         0.50718179
1101401 1100023        0.490549432
1101401 1100601        0.403706946
1101435 1101302        0.368762999
1101435 1100114         0.30632492
1101435 1101708        0.241908315
1101435 1101559        0.260200664
1101450 1100379        0.572030491
1101450 1101476        0.394163033
1101450 1101484        0.360239405
1101450 1100296        0.370256583
1101468 1100924        0.911261115
1101468 1100379        0.666958292
1101468 1100072        0.519843648
1101468 1100056        0.293372033
1101476 1100288        0.482641337
1101476 1100296        0.412170499
1101476 1101484        0.159674991
1101476 1101450        0.394163033
1101484 1101450        0.360239405
1101484 1100288        0.348431705
1101484 1101476        0.159674991
1101484 1100296        0.257622829
1101492 1100080        0.961077438
1101492 1100015        0.854368527
1101492 1101500        0.570272034
1101492 1100320        0.767128554
1101500 1100346         0.84753444
1101500 1101302        0.822431678
1101500 1100320        0.311484218
1101500 1101492        0.570272034
1101559 1100346        0.449669642
1101559 1100155        0.354635553
1101559 1101435        0.260200664
1101559 1101708        0.215229001
1101609 1101757        0.565128126
1101609 1100114        0.514771239
1101609 1101807        0.361872325
1101609 1100155        0.513389286
1101708 1101302        0.426796844
1101708 1101435        0.241908315
1101708 1101559        0.215229001
1101708 1100346        0.236983577
1101757 1100122        0.747326072
1101757 1101807        0.668103907
1101757 1100130        0.534299178
1101757 1101609        0.565128126
1101807 1100114        0.524536112
1101807 1101609        0.361872325
1101807 1100155        0.237788267
1101807 1100122        0.344095291
1200013 1200179         1.03821425
1200013 1200807        0.809892753
1200013 1200450        0.479429196
1200013 1200385          0.5019174
1200054 1200344         1.40800027
1200054 1200252         1.39424518
1200054 1200104        0.805379604
1200054 1200500          1.1872239
1200104 1200500        0.991558394
1200104 1200054        0.805379604
1200104 1200252        0.601839254
1200104 1200708        0.720851414
1200138 1300706        0.850620813
1200138 1200450        0.841024602
1200138 1200807        0.475927458
1200138 1200401         0.49194248
1200179 1200708        0.672792676
1200179 1200401        0.666015994
1200179 1200450        0.629839093
1200179 1200385        0.544939117
1200203 1200336        0.826378408
1200203 1301654        0.746711215
1200203 1200427        0.491733821
1200203 1200393        0.520788579
1200252 1200179        0.884052767
1200252 1200401        0.861839868
1200252 1200708        0.333471914
1200252 1200104        0.601839254
1200302 1200328         1.19943634
1200302 1200344         1.00120598
1200302 1200609        0.979583304
1200302 1200435        0.595270649
1200328 1200302         1.19943634
1200328 1200393         1.11946239
1200328 1200351        0.672670889
1200328 1200609         1.10089867
1200336 1200393         1.20915376
1200336 1301654        0.653137433
1200336 1200203        0.826378408
1200336 1200427        0.397856083
1200344 1200054         1.40800027
1200344 1200302         1.00120598
1200344 1200435        0.546888654
1200344 1200500        0.614895325
1200351 1200609         1.40547809
1200351 1200203         1.13988438
1200351 1200393        0.628155228
1200351 1200328        0.672670889
1200385 1200807         0.71864974
1200385 1200179        0.544939117
1200385 1200450        0.266840717
1200385 1200013          0.5019174
1200393 1200328         1.11946239
1200393 1200427        0.812693537
1200393 1200203        0.520788579
1200393 1200351        0.628155228
1200401 1200807        0.800492002
1200401 1200179        0.666015994
1200401 1200138         0.49194248
1200401 1200708        0.529168198
1200427 1200393        0.812693537
1200427 1301654        0.725492665
1200427 1200203        0.491733821
1200427 1200336        0.397856083
1200435 1200054         1.42459496
1200435 1200500         1.08220315
1200435 1200344        0.546888654
1200435 1200302        0.595270649
1200450 1200179        0.629839093
1200450 1200013        0.479429196
1200450 1200385        0.266840717
1200450 1200807        0.460120906
1200500 1200435         1.08220315
1200500 1200401         1.05473891
1200500 1200104        0.991558394
1200500 1200344        0.614895325
1200609 1200393         1.31519777
1200609 1200328         1.10089867
1200609 1200302        0.979583304
1200609 1301803         1.05872894
1200708 1200104        0.720851414
1200708 1200179        0.672792676
1200708 1200252        0.333471914
1200708 1200401        0.529168198
1200807 1200401        0.800492002
1200807 1200385         0.71864974
1200807 1200450        0.460120906
1200807 1200138        0.475927458
1300029 1302801         1.31171862
1300029 1302207        0.993677674
1300029 1304203        0.797757947
1300029 1304260        0.534378059
1300060 1304062         1.52207761
1300060 1302306         1.30042696
1300060 1304237        0.861575917
1300060 1303700        0.878521835
1300086 1302553         1.05266201
1300086 1302504        0.785850484
1300086 1300102        0.767280478
1300086 1300839         0.45318629
1300102 1301308         1.27428901
1300102 1300839         1.11976128
1300102 1300631        0.506940633
1300102 1300086        0.767280478
1300144 5103379         1.93692146
1300144 5100805         1.88971396
1300144 1303304         1.40049569
1300144 5103254         1.76213019
1300201 1301407         2.00854001
1300201 1301803         1.50653549
1300201 1301654          1.8752769
1300201 1300607         1.48911023
1300300 1301902        0.975269337
1300300 1303106        0.951689046
1300300 1301159        0.512570691
1300300 1301100        0.645368381
1300409 1400472         2.47733225
1300409 1400209         2.44923559
1300409 1303601         2.09066368
1300409 1303205         2.34756193
1300508 1503903         1.08309689
1300508 1303403        0.544442962
1300508 1304401        0.675109253
1300508 1300680        0.498057674
1300607 1301407         1.58942195
1300607 1304062         1.53416206
1300607 1303908         1.25345785
1300607 1300201         1.48911023
1300631 1300839         1.52687628
1300631 1302553         1.36174826
1300631 1300102        0.506940633
1300631 1300086         1.10368338
1300680 1303403        0.933080218
1300680 1304005        0.920941891
1300680 1304401        0.339243623
1300680 1300508        0.498057674
1300706 1200401         1.33259045
1300706 1303502          1.0258331
1300706 1200138        0.850620813
1300706 1200807        0.922095547
1300805 1302900         1.47291763
1300805 1301100         1.35485937
1300805 1300300         1.16274539
1300805 1303106         1.34302163
1300839 1301308         1.11516556
1300839 1303205         1.05174555
1300839 1300086         0.45318629
1300839 1302504        0.944493242
1300904 1100205         1.76525123
1300904 1100809         1.67162372
1300904 1304104         1.52211724
1300904 1301704         1.61058053
1301001 1304203         1.91814803
1301001 1302207         1.89904449
1301001 1302306          1.1398247
1301001 1301951         1.74703652
1301100 1301159        0.752062085
1301100 1301852        0.739483128
1301100 1302553        0.521056116
1301100 1300300        0.645368381
1301159 1301902        0.829581509
1301159 1303569        0.752678483
1301159 1300300        0.512570691
1301159 1301100        0.752062085
1301209 1304260         1.80491429
1301209 1301308         1.62409284
1301209 1304203         1.41035033
1301209 1300029         1.41312169
1301308 1301209         1.62409284
1301308 1300086         1.27769436
1301308 1300102         1.27428901
1301308 1300839         1.11516556
1301407 1200609          1.7258408
1301407 1300607         1.58942195
1301407 1301506        0.576443716
1301407 1301803         1.20337896
1301506 1200609         1.54357418
1301506 1200302         1.51931103
1301506 1301407        0.576443716
1301506 1301803         1.41716149
1301605 1304237         1.49046741
1301605 1302801         1.30599985
1301605 1302207         1.03492073
1301605 1304260         1.15713192
1301654 1200393         1.26628667
1301654 1200427        0.725492665
1301654 1200203        0.746711215
1301654 1200336        0.653137433
1301704 1100940         1.80942442
1301704 1100809          1.7388998
1301704 1302702         1.37390011
1301704 1300904         1.61058053
1301803 1301654         1.42812421
1301803 1301506         1.41716149
1301803 1200609         1.05872894
1301803 1301407         1.20337896
1301852 1301100        0.739483128
1301852 1302553        0.721128291
1301852 1302504        0.510465524
1301852 1302603        0.520959883
1301902 1301159        0.829581509
1301902 1303106        0.828073564
1301902 1302009        0.696785353
1301902 1304005        0.429790577
1301951 1300706         2.08985244
1301951 1302306         1.99037106
1301951 1301001         1.74703652
1301951 1303502         1.07726126
1302009 1304401        0.901793033
1302009 1301902        0.696785353
1302009 1304005        0.330650885
1302009 1303957        0.560139385
1302108 1303809         2.09884692
1302108 1300060         1.71937551
1302108 1304237         1.10708734
1302108 1303700         1.55201021
1302207 1304203          1.2228482
1302207 1300029        0.993677674
1302207 1301605         1.03492073
1302207 1304260        0.963181847
1302306 1304062         1.45465552
1302306 1300060         1.30042696
1302306 1303908         1.06623813
1302306 1301001          1.1398247
1302405 1200807         2.26564986
1302405 1300904         1.97280733
1302405 1100205         1.69681793
1302405 1200013         1.93511658
1302504 1301100        0.911363081
1302504 1300086        0.785850484
1302504 1301852        0.510465524
1302504 1302553        0.554251433
1302553 1300086         1.05266201
1302553 1301852        0.721128291
1302553 1302504        0.554251433
1302553 1301100        0.521056116
1302603 1302504        0.963871737
1302603 1301159        0.936785028
1302603 1301852        0.520959883
1302603 1303569        0.634015808
1302702 1300102         2.36146617
1302702 1301704         1.37390011
1302702 1300631         1.88789975
1302702 1303304          1.0371725
1302801 1302207         1.67951392
1302801 1300029         1.31171862
1302801 1304260        0.837470173
1302801 1301605         1.30599985
1302900 1300680          1.8856867
1302900 1503606          1.7969708
1302900 1303106         1.13658464
1302900 1300805         1.47291763
1303007 1507979         1.22329638
1303007 1304401         1.13573506
1303007 1503002        0.538059445
1303007 1303957          1.0773796
1303106 1304005         1.16777682
1303106 1302900         1.13658464
1303106 1301902        0.828073564
1303106 1300300        0.951689046
1303205 1302603          1.5456367
1303205 1300086         1.45882482
1303205 1300839         1.05174555
1303205 1302504          1.4503553
1303304 1300805         2.08950892
1303304 1301704         2.08209296
1303304 1302702          1.0371725
1303304 1300144         1.40049569
1303403 1304401        0.924887957
1303403 1507979        0.841452996
1303403 1300508        0.544442962
1303403 1503903        0.639165214
1303502 1301506         1.86429743
1303502 1200138         1.85518527
1303502 1300706          1.0258331
1303502 1301951         1.07726126
1303536 1303957         1.40304445
1303536 1302603         1.27479482
1303536 1304302         1.07039664
1303536 1303569         1.20432412
1303569 1302009         1.01919807
1303569 1301852         1.01916761
1303569 1301159        0.752678483
1303569 1302603        0.634015808
1303601 1303809          2.5724187
1303601 1301605         2.32373424
1303601 1302801         2.15400412
1303601 1300409         2.09066368
1303700 1303908          1.4913272
1303700 1304237         1.30856154
1303700 1300060        0.878521835
1303700 1304062         1.14087266
1303809 1301605         3.30598809
1303809 1304237         3.06981027
1303809 1302108         2.09884692
1303809 1303601          2.5724187
1303908 1303700          1.4913272
1303908 1302306         1.06623813
1303908 1300607         1.25345785
1303908 1304062        0.530680495
1303957 1304302         1.10526919
1303957 1303007          1.0773796
1303957 1302009        0.560139385
1303957 1304005        0.889838814
1304005 1303957        0.889838814
1304005 1304401        0.766420764
1304005 1302009        0.330650885
1304005 1301902        0.429790577
1304062 1300060         1.52207761
1304062 1302306         1.45465552
1304062 1303700         1.14087266
1304062 1303908        0.530680495
1304104 1300029         2.44462577
1304104 1304203         1.75484944
1304104 1301209         1.83842636
1304104 1300904         1.52211724
1304203 1301209         1.41035033
1304203 1304260         1.30505562
1304203 1300029        0.797757947
1304203 1302207          1.2228482
1304237 1301605         1.49046741
1304237 1303700         1.30856154
1304237 1300060        0.861575917
1304237 1302108         1.10708734
1304260 1301605         1.15713192
1304260 1302207        0.963181847
1304260 1302801        0.837470173
1304260 1300029        0.534378059
1304302 1303007         1.58966318
1304302 1503002         1.26388389
1304302 1303957         1.10526919
1304302 1303536         1.07039664
1304401 1302009        0.901793033
1304401 1304005        0.766420764
1304401 1300680        0.339243623
1304401 1300508        0.675109253
1400027 1400456         1.65576144
1400027 1400282         1.54209188
1400027 1400050        0.727221065
1400027 1400308         1.29824219
1400050 1400100         2.03751648
1400050 1400308        0.949195398
1400050 1400027        0.727221065
1400050 1400282        0.938223662
1400100 1400456         1.05000499
1400100 1400407        0.998005224
1400100 1400159        0.702933615
1400100 1400175        0.867018784
1400159 1400456         1.56475768
1400159 1400407         1.09095718
1400159 1400175        0.673466459
1400159 1400100        0.702933615
1400175 1400308         1.47333716
1400175 1400605         1.45053389
1400175 1400159        0.673466459
1400175 1400100        0.867018784
1400209 1400175         1.58178132
1400209 1400282         1.54893334
1400209 1400472         1.05994188
1400209 1400605         1.32706537
1400233 1304302         1.83116518
1400233 1400175         1.81412193
1400233 1400506        0.579952111
1400233 1400605        0.809640419
1400282 1400209         1.54893334
1400282 1400027         1.54209188
1400282 1400050        0.938223662
1400282 1400308        0.560886335
1400308 1400100         1.41264484
1400308 1400027         1.29824219
1400308 1400282        0.560886335
1400308 1400050        0.949195398
1400407 1400159         1.09095718
1400407 1400100        0.998005224
1400407 1400456        0.827636758
1400407 1400704        0.833468442
1400456 1400159         1.56475768
1400456 1400100         1.05000499
1400456 1400407        0.827636758
1400456 1400704        0.760593912
1400472 1303536         1.75005031
1400472 1400506         1.30828674
1400472 1400605         1.20416099
1400472 1400209         1.05994188
1400506 1400209          1.6630307
1400506 1400472         1.30828674
1400506 1400605        0.387934303
1400506 1400233        0.579952111
1400605 1400209         1.32706537
1400605 1400472         1.20416099
1400605 1400506        0.387934303
1400605 1400233        0.809640419
1400704 1400159         1.90369211
1400704 1400100         1.61895154
1400704 1400456        0.760593912
1400704 1400407        0.833468442
1500107 1500800        0.626479812
1500107 1500206        0.517125817
1500107 1501303        0.297756045
1500107 1503309        0.427629002
1500131 2112852        0.365180956
1500131 1501576        0.352414786
1500131 2111532        0.185479594
1500131 1720309        0.301490343
1500206 1500107        0.517125817
1500206 1501907        0.508551068
1500206 1502756        0.460063676
1500206 1501303        0.503194462
1500305 1600253        0.892505562
1500305 1600303        0.871732668
1500305 1501808        0.830084797
1500305 1600600        0.824230986
1500347 1506161         0.77357125
1500347 1501253        0.740750588
1500347 1502152        0.484569152
1500347 1505536        0.628890507
1500404 1500503         1.45449196
1500404 1504802        0.826759565
1500404 1502855         1.22313769
1500404 1505106        0.771568125
1500503 1600154          1.6222464
1500503 1500404         1.45449196
1500503 1504802         1.43289797
1500503 1600279         1.00160012
1500602 1508084         2.52415334
1500602 1508050         2.51345918
1500602 1505031         2.33816744
1500602 1507300         1.79632981
1500701 1502806        0.755145788
1500701 1501808        0.729826737
1500701 1507706        0.659082982
1500701 1506401        0.687809521
1500800 1506351        0.182626954
1500800 1501501        0.110075858
1500800 1504422       0.0994258323
1500800 1501402       0.0996136386
1500859 1505064          1.1486791
1500859 1508357         1.08941981
1500859 1507805        0.503450973
1500859 1505486        0.739069055
1500909 2102903        0.531622783
1500909 1508035          0.4408345
1500909 1501709         0.26925382
1500909 1508308        0.411037374
1500958 1503507        0.531428384
1500958 1502756        0.422329687
1500958 1507201        0.347669121
1500958 1504059        0.322055096
1501006 1506807         1.25890943
1501006 1501451         1.12535661
1501006 1506195        0.993832887
1501006 1503903         1.06299159
1501105 1505809        0.795649567
1501105 1504604        0.751294818
1501105 1505205         0.29517675
1501105 1502103        0.684945471
1501204 1504703        0.761998126
1501204 1508100        0.742561332
1501204 1501782         0.68400442
1501204 1504604        0.592433795
1501253 1506161        0.753858823
1501253 1500347        0.740750588
1501253 1506138        0.729512247
1501253 1505551         0.57242343
1501303 1501402        0.380181388
1501303 1504422        0.339450045
1501303 1500107        0.297756045
1501303 1500800         0.33012062
1501402 1504422        0.196086638
1501402 1501501        0.180242468
1501402 1500800       0.0996136386
1501402 1506351        0.170147262
1501451 1506195         1.06620092
1501451 1505650        0.847696991
1501451 1504752        0.438139447
1501451 1506807        0.572408904
1501501 1506500        0.146488719
1501501 1506351        0.143235667
1501501 1504422       0.0753720858
1501501 1500800        0.110075858
1501576 2111532        0.403411966
1501576 1507508         0.40013396
1501576 1707405        0.349465141
1501576 1500131        0.352414786
1501600 1505601         0.26485364
1501600 1505007        0.244443089
1501600 1506609        0.213850198
1501600 1505403        0.193284261
1501709 1506112        0.412941038
1501709 1502202        0.358742211
1501709 1500909         0.26925382
1501709 1508035        0.236512166
1501725 1508159         1.15642611
1501725 1505908         1.11891138
1501725 1504455        0.526023148
1501725 1508357        0.734859077
1501758 1507508         0.38998464
1501758 1702208        0.332869076
1501758 1505494        0.198992173
1501758 1507151        0.305567288
1501782 1503804        0.890425705
1501782 1501204         0.68400442
1501782 1508100        0.461313554
1501782 1503093        0.477454585
1501808 1500305        0.830084797
1501808 1502806        0.777412505
1501808 1504505        0.675577621
1501808 1500701        0.729826737
1501907 1504422        0.321516723
1501907 1506500        0.274188299
1501907 1503408        0.243490378
1501907 1502756        0.273182453
1501956 1508308          0.4597287
1501956 2101970        0.352693223
1501956 2106326        0.450790909
1501956 2105658        0.337567266
1502004 1506401        0.472042394
1502004 1507904        0.443622795
1502004 1506302        0.266048972
1502004 1505700        0.317952115
1502103 1503309        0.422648314
1502103 1505205         0.39511183
1502103 1504604        0.326623096
1502103 1504000        0.376616633
1502152 1507755        0.667646162
1502152 1502772         0.50799223
1502152 1505536        0.480762555
1502152 1500347        0.484569152
1502202 1505007         0.27474361
1502202 1508035        0.200089456
1502202 1505601        0.154715977
1502202 1506104         0.18989012
1502301 1504950        0.479938635
1502301 1503507        0.283221913
1502301 1504059        0.284127647
1502301 1503077        0.201043578
1502400 1507961        0.268826343
1502400 1506500        0.266294818
1502400 1507409        0.151980665
1502400 1503408        0.204362257
1502509 1600253         1.11304764
1502509 1500305        0.942241269
1502509 1500701        0.761844015
1502509 1506401        0.684331835
1502608 1507466        0.274524395
1502608 1507003        0.191378974
1502608 1507102        0.213262071
1502608 1508209        0.131881406
1502707 1716653        0.627778875
1502707 1703206        0.579100595
1502707 1711803        0.405552257
1502707 1706001        0.433186068
1502756 1503408        0.425512006
1502756 1500958        0.422329687
1502756 1507201        0.203204312
1502756 1501907        0.273182453
1502764 1506138         1.09574579
1502764 1506708         1.09502482
1502764 1505437        0.957247861
1502764 1506583        0.922380442
1502772 1508407        0.682979228
1502772 1507755        0.606713203
1502772 1502152         0.50799223
1502772 1502954        0.413219301
1502806 1504901        0.709771754
1502806 1505205        0.702668743
1502806 1507706        0.340754982
1502806 1504000        0.549784788
1502855 1507979         1.34746424
1502855 1500404         1.22313769
1502855 1506807        0.856822703
1502855 1504802         1.07721085
1502905 1504109        0.237637594
1502905 1507102        0.204108144
1502905 1504406        0.170190407
1502905 1507466        0.157856748
1502939 2100055        0.824312086
1502939 2105427         0.64365638
1502939 1506187        0.649493836
1502939 1508126        0.549949265
1502954 1507151        0.660724228
1502954 1505635         0.52807806
1502954 1502772        0.413219301
1502954 1507458        0.508643148
1503002 1507979         1.55060798
1503002 1304302         1.26388389
1503002 1303007        0.538059445
1503002 1303957         1.19155896
1503044 1702307        0.600400664
1503044 1716307         0.58528184
1503044 1506161        0.383056615
1503044 1505551        0.575305938
1503077 1503507        0.479156329
1503077 1504059        0.472260596
1503077 1504950        0.283406341
1503077 1502301        0.201043578
1503093 1508100        0.833787605
1503093 1503804        0.597245674
1503093 1506187        0.733212059
1503093 1501782        0.477454585
1503101 1600402         1.16217162
1503101 1501808        0.935991976
1503101 1504505        0.632462647
1503101 1600808        0.534402939
1503200 1505601        0.289232573
1503200 1506609        0.238689386
1503200 1505007        0.168554734
1503200 1507409         0.19289133
1503309 1504604        0.600319743
1503309 1504000        0.451955291
1503309 1502103        0.422648314
1503309 1500107        0.427629002
1503408 1507409        0.311182453
1503408 1501907        0.243490378
1503408 1502400        0.204362257
1503408 1506500        0.229659813
1503457 1507953        0.821597334
1503457 1500958        0.603923836
1503457 1508001        0.386775883
1503457 1505502        0.510526683
1503507 1507201        0.375985079
1503507 1502301        0.283221913
1503507 1507607        0.341286743
1503507 1504059        0.211647344
1503606 1506195         2.07158885
1503606 1302900          1.7969708
1503606 1508050        0.885214485
1503606 1503754         1.77358281
1503705 1503804        0.863464063
1503705 1505064        0.730720487
1503705 1504208        0.535495173
1503705 1504976        0.654865463
1503754 1300144         2.15183426
1503754 1505031         1.80096698
1503754 5100805         1.41095481
1503754 1503606         1.77358281
1503804 1506187        0.725511043
1503804 1501576          0.6199348
1503804 1504976        0.383055757
1503804 1503093        0.597245674
1503903 1501006         1.06299159
1503903 1506807        0.987917689
1503903 1303403        0.639165214
1503903 1507979         0.71455009
1504000 1502806        0.549784788
1504000 1507706        0.481150141
1504000 1502103        0.376616633
1504000 1503309        0.451955291
1504059 1500958        0.322055096
1504059 1502301        0.284127647
1504059 1507201        0.279485783
1504059 1503507        0.211647344
1504109 1507961         0.28445552
1504109 1502905        0.237637594
1504109 1504406       0.0819699951
1504109 1504307        0.141968825
1504208 1502152        0.799266964
1504208 1502772        0.719991752
1504208 1503705        0.535495173
1504208 1505536        0.705813343
1504307 1504406        0.217142241
1504307 1506203        0.212251564
1504307 1506906        0.176486584
1504307 1504109        0.141968825
1504406 1504307        0.217142241
1504406 1507961        0.213606443
1504406 1504109       0.0819699951
1504406 1502905        0.170190407
1504422 1501402        0.196086638
1504422 1506500         0.19208578
1504422 1501501       0.0753720858
1504422 1500800       0.0994258323
1504455 1505908         1.16993754
1504455 1506005         1.13908046
1504455 1508159        0.744503838
1504455 1501725        0.526023148
1504505 1502806         1.11815168
1504505 1505809        0.971514104
1504505 1501808        0.675577621
1504505 1503101        0.632462647
1504604 1501204        0.592433795
1504604 1505205        0.532873259
1504604 1504703        0.403057806
1504604 1502103        0.326623096
1504703 1502103        0.611103832
1504703 1503309        0.602335566
1504703 1504604        0.403057806
1504703 1507953        0.402368729
1504752 1508159        0.923183305
1504752 1505650        0.819954863
1504752 1501451        0.438139447
1504752 1506807           0.768336
1504802 1500503         1.43289797
1504802 1506005          1.2566389
1504802 1502855         1.07721085
1504802 1500404        0.826759565
1504901 1502004        0.636351277
1504901 1504000        0.585446467
1504901 1507706        0.373203176
1504901 1505700        0.318445332
1504950 1504059        0.728800802
1504950 1501956        0.614967522
1504950 1503077        0.283406341
1504950 1502301        0.479938635
1504976 1507508        0.713190724
1504976 1503705        0.654865463
1504976 1503804        0.383055757
1504976 1501576        0.474161131
1505007 1506609        0.250430748
1505007 1501600        0.244443089
1505007 1505601         0.12607651
1505007 1503200        0.168554734
1505031 5104104         1.97943558
1505031 5106299         1.86854246
1505031 5106265         1.70377015
1505031 1503754         1.80096698
1505064 1503804         1.09449885
1505064 1505486        0.892567374
1505064 1503705        0.730720487
1505064 1508100        0.788180891
1505106 1502855         1.74824717
1505106 1504802          1.5983133
1505106 1500404        0.771568125
1505106 1505304         1.53694697
1505205 1504000        0.550258277
1505205 1504604        0.532873259
1505205 1501105         0.29517675
1505205 1502103         0.39511183
1505304 1304302          2.2018857
1505304 1303007         2.00225939
1505304 1503002         1.56013259
1505304 1505106         1.53694697
1505403 1506609        0.390510501
1505403 1502202        0.356032542
1505403 1506559        0.267009304
1505403 1501600        0.193284261
1505437 1502764        0.957247861
1505437 1507300         0.86876517
1505437 1508084        0.707929366
1505437 1501253        0.799244018
1505486 1501204         1.08874615
1505486 1505064        0.892567374
1505486 1500859        0.739069055
1505486 1508100        0.827614775
1505494 1720101        0.434938716
1505494 1702208        0.371095552
1505494 1701002        0.358781896
1505494 1501758        0.198992173
1505502 1500958         0.97949748
1505502 1508001        0.877455395
1505502 1508126        0.616587637
1505502 1503457        0.510526683
1505536 1502772        0.870206251
1505536 1504208        0.705813343
1505536 1502152        0.480762555
1505536 1500347        0.628890507
1505551 1503044        0.575305938
1505551 1501253         0.57242343
1505551 1506138        0.341353605
1505551 1506161        0.456402863
1505601 1506104        0.218907594
1505601 1506906        0.216972331
1505601 1505007         0.12607651
1505601 1502202        0.154715977
1505635 1702158        0.546246861
1505635 1502954         0.52807806
1505635 1507458          0.4400577
1505635 1713957         0.51146708
1505650 1501451        0.847696991
1505650 1504752        0.819954863
1505650 1506195        0.791347086
1505650 1508159        0.756546884
1505700 1506302        0.557473642
1505700 1506401        0.532052382
1505700 1502004        0.317952115
1505700 1504901        0.318445332
1505809 1508357         1.16460559
1505809 1505205         1.09042293
1505809 1501105        0.795649567
1505809 1504505        0.971514104
1505908 1504455         1.16993754
1505908 1501725         1.11891138
1505908 1506005         1.11358562
1505908 1508357         1.11101425
1506005 1504752         1.32032378
1506005 1504455         1.13908046
1506005 1504802          1.2566389
1506005 1505908         1.11358562
1506104 1506906        0.199357811
1506104 1502202         0.18989012
1506104 1506112        0.132048263
1506104 1507474         0.18965813
1506112 1502202        0.280188872
1506112 1507474        0.217347825
1506112 1506104        0.132048263
1506112 1508035        0.185115179
1506138 1501253        0.729512247
1506138 1502707        0.690884133
1506138 1506583        0.575550866
1506138 1505551        0.341353605
1506161 1507755         0.59626335
1506161 1508407        0.495877818
1506161 1503044        0.383056615
1506161 1505551        0.456402863
1506187 1502939        0.649493836
1506187 2111532        0.618721193
1506187 1500131        0.437357949
1506187 1501576         0.61866131
1506195 1508050         1.19140011
1506195 1501451         1.06620092
1506195 1505650        0.791347086
1506195 1501006        0.993832887
1506203 1504109        0.299231675
1506203 1506906        0.228265302
1506203 1504307        0.212251564
1506203 1507474         0.17052637
1506302 1501402        0.528743752
1506302 1502608        0.453652547
1506302 1502004        0.266048972
1506302 1507904        0.322748189
1506351 1500800        0.182626954
1506351 1501501        0.143235667
1506351 1501402        0.170147262
1506351 1507003         0.14193867
1506401 1506302        0.680972215
1506401 1507904        0.627416386
1506401 1502004        0.472042394
1506401 1505700        0.532052382
1506500 1503408        0.229659813
1506500 1506351        0.206568584
1506500 1501501        0.146488719
1506500 1504422         0.19208578
1506559 1508308        0.487265702
1506559 1501709        0.478319673
1506559 1505403        0.267009304
1506559 1501600        0.460287184
1506583 1703909        0.896136936
1506583 1701903        0.867418095
1506583 1506708        0.788958585
1506583 1506138        0.575550866
1506609 1505007        0.250430748
1506609 1503200        0.238689386
1506609 1501600        0.213850198
1506609 1507607        0.208345082
1506708 1712504         1.00447832
1506708 5107776        0.984953189
1506708 1703909        0.761910124
1506708 1506583        0.788958585
1506807 1503903        0.987917689
1506807 1502855        0.856822703
1506807 1501451        0.572408904
1506807 1504752           0.768336
1506906 1505601        0.216972331
1506906 1506104        0.199357811
1506906 1504307        0.176486584
1506906 1507474        0.168022953
1507003 1507102        0.264116677
1507003 1502608        0.191378974
1507003 1506351         0.14193867
1507003 1508209        0.167241194
1507102 1502608        0.213262071
1507102 1502905        0.204108144
1507102 1507466       0.0627243156
1507102 1508209        0.104183933
1507151 1505494        0.445946349
1507151 1707405         0.37565507
1507151 1507508        0.210700381
1507151 1501758        0.305567288
1507201 1507607        0.362217163
1507201 1500958        0.347669121
1507201 1502756        0.203204312
1507201 1504059        0.279485783
1507300 1501253         1.63746186
1507300 1502764         1.60096138
1507300 1505437         0.86876517
1507300 1508084        0.962713194
1507409 1506609        0.280449521
1507409 1507961        0.238653382
1507409 1503200         0.19289133
1507409 1502400        0.151980665
1507458 1502954        0.508643148
1507458 1505494        0.464032398
1507458 1505635          0.4400577
1507458 1722107         0.46299475
1507466 1507961        0.166510971
1507466 1502905        0.157856748
1507466 1507102       0.0627243156
1507466 1508209        0.156093479
1507474 1506112        0.217347825
1507474 1506104         0.18965813
1507474 1506906        0.168022953
1507474 1506203         0.17052637
1507508 1501576         0.40013396
1507508 1501758         0.38998464
1507508 1707405        0.193539088
1507508 1507151        0.210700381
1507607 1501600        0.361458599
1507607 1503507        0.341286743
1507607 1506609        0.208345082
1507607 1503408        0.312446044
1507706 1505700        0.657582196
1507706 1504000        0.481150141
1507706 1504901        0.373203176
1507706 1502806        0.340754982
1507755 1505635        0.633677634
1507755 1502772        0.606713203
1507755 1506161         0.59626335
1507755 1508407        0.101056602
1507805 1501725         1.26708436
1507805 1505486         1.24174732
1507805 1500859        0.503450973
1507805 1508357         1.05541967
1507904 1502608        0.666272515
1507904 1506401        0.627416386
1507904 1506302        0.322748189
1507904 1502004        0.443622795
1507953 1503457        0.821597334
1507953 1508001        0.542596497
1507953 1504604        0.795656059
1507953 1504703        0.402368729
1507961 1507409        0.238653382
1507961 1507102        0.214485558
1507961 1504406        0.213606443
1507961 1507466        0.166510971
1507979 1502855         1.34746424
1507979 1303007         1.22329638
1507979 1503903         0.71455009
1507979 1303403        0.841452996
1508001 1500958         0.66777413
1508001 1500206        0.616850278
1508001 1503457        0.386775883
1508001 1507953        0.542596497
1508035 1501709        0.236512166
1508035 1506104        0.210801818
